{
  "nbformat": 4,
  "nbformat_minor": 0,
  "metadata": {
    "colab": {
      "provenance": [],
      "authorship_tag": "ABX9TyNLvecoZtvg8GORzdrQv+AH",
      "include_colab_link": true
    },
    "kernelspec": {
      "name": "python3",
      "display_name": "Python 3"
    },
    "language_info": {
      "name": "python"
    }
  },
  "cells": [
    {
      "cell_type": "markdown",
      "metadata": {
        "id": "view-in-github",
        "colab_type": "text"
      },
      "source": [
        "<a href=\"https://colab.research.google.com/github/limyien-2025/data-science-toolkit/blob/main/Tutorial3.ipynb\" target=\"_parent\"><img src=\"https://colab.research.google.com/assets/colab-badge.svg\" alt=\"Open In Colab\"/></a>"
      ]
    },
    {
      "cell_type": "code",
      "execution_count": 7,
      "metadata": {
        "colab": {
          "base_uri": "https://localhost:8080/"
        },
        "id": "VzquliprYqV8",
        "outputId": "d5d6fca9-c51a-4775-ed55-6be130fd5a23"
      },
      "outputs": [
        {
          "output_type": "stream",
          "name": "stdout",
          "text": [
            "2x2 array:\n",
            " [[1 2]\n",
            " [3 4]]\n"
          ]
        }
      ],
      "source": [
        "import numpy as np\n",
        "\n",
        "array_2x2 = np.array([[1, 2], [3, 4]])\n",
        "print(\"2x2 array:\\n\", array_2x2)"
      ]
    },
    {
      "cell_type": "code",
      "source": [
        "random_3x4 = np.random.rand(3, 4)\n",
        "print(\"Random 3x4 array:\\n\", random_3x4)"
      ],
      "metadata": {
        "colab": {
          "base_uri": "https://localhost:8080/"
        },
        "id": "mZ_Aa6VycZ1x",
        "outputId": "2c83aeed-a3bd-4543-ca87-b45aa05986d2"
      },
      "execution_count": 4,
      "outputs": [
        {
          "output_type": "stream",
          "name": "stdout",
          "text": [
            "Random 3x4 array:\n",
            " [[0.24934085 0.49221673 0.01178803 0.80956366]\n",
            " [0.98797746 0.4325974  0.06043009 0.90855465]\n",
            " [0.84899143 0.55585711 0.50829377 0.06751224]]\n"
          ]
        }
      ]
    },
    {
      "cell_type": "code",
      "source": [
        "ones_array = np.ones((2, 3))\n",
        "zeros_array = np.zeros((2, 3))\n",
        "\n",
        "print(\"Array of ones:\\n\", ones_array)\n",
        "print(\"Array of zeroes:\\n\", zeros_array)"
      ],
      "metadata": {
        "colab": {
          "base_uri": "https://localhost:8080/"
        },
        "id": "VwFHBawNczuj",
        "outputId": "d63af60b-93db-492a-fd9d-1e2376062aae"
      },
      "execution_count": 5,
      "outputs": [
        {
          "output_type": "stream",
          "name": "stdout",
          "text": [
            "Array of ones:\n",
            " [[1. 1. 1.]\n",
            " [1. 1. 1.]]\n",
            "Array of zeroes:\n",
            " [[0. 0. 0.]\n",
            " [0. 0. 0.]]\n"
          ]
        }
      ]
    },
    {
      "cell_type": "code",
      "source": [
        "random_6x3 = np.random.rand(6, 3)\n",
        "transposed_array = np.transpose(random_6x3)\n",
        "\n",
        "print(\"Original 6x3 array:\\n\", random_6x3)\n",
        "print(\"\\nTransposed array (3x6):\\n\", transposed_array)"
      ],
      "metadata": {
        "colab": {
          "base_uri": "https://localhost:8080/"
        },
        "id": "jZvwFzmCdEtc",
        "outputId": "e4a692d2-cf09-4865-b940-1e2018a44b35"
      },
      "execution_count": 6,
      "outputs": [
        {
          "output_type": "stream",
          "name": "stdout",
          "text": [
            "Original 6x3 array:\n",
            " [[0.81141078 0.14900622 0.99246123]\n",
            " [0.24115387 0.99807295 0.59330555]\n",
            " [0.28470244 0.02800445 0.99491546]\n",
            " [0.88804772 0.15162612 0.50942789]\n",
            " [0.09033212 0.03038455 0.6950883 ]\n",
            " [0.78358409 0.26446082 0.66253266]]\n",
            "\n",
            "Transposed array (3x6):\n",
            " [[0.81141078 0.24115387 0.28470244 0.88804772 0.09033212 0.78358409]\n",
            " [0.14900622 0.99807295 0.02800445 0.15162612 0.03038455 0.26446082]\n",
            " [0.99246123 0.59330555 0.99491546 0.50942789 0.6950883  0.66253266]]\n"
          ]
        }
      ]
    },
    {
      "cell_type": "code",
      "source": [
        "n, p, m = 2, 3, 4\n",
        "A = np.random.rand(n, p)\n",
        "B = np.random.rand(p, m)\n",
        "\n",
        "dot_product = np.dot(A, B)\n",
        "\n",
        "print(\"Matrix A (n x p):\\n\", A)\n",
        "print(\"\\nMatrix B (p x m):\\n\", B)\n",
        "print(\"\\nDot product (n x m):\\n\", dot_product)"
      ],
      "metadata": {
        "colab": {
          "base_uri": "https://localhost:8080/"
        },
        "id": "i2vACqkCdQGa",
        "outputId": "2618a835-8d18-425f-acd9-4ff2319d8b27"
      },
      "execution_count": 8,
      "outputs": [
        {
          "output_type": "stream",
          "name": "stdout",
          "text": [
            "Matrix A (n x p):\n",
            " [[0.23695972 0.29430993 0.46632174]\n",
            " [0.55617709 0.05631164 0.77058767]]\n",
            "\n",
            "Matrix B (p x m):\n",
            " [[0.52227319 0.9982424  0.12311511 0.16936631]\n",
            " [0.2602915  0.8389969  0.86529119 0.89016242]\n",
            " [0.70115185 0.02564837 0.89219639 0.16157567]]\n",
            "\n",
            "Dot product (n x m):\n",
            " [[0.52732643 0.49542875 0.69988768 0.37746288]\n",
            " [0.84543279 0.62220915 0.80471529 0.26883238]]\n"
          ]
        }
      ]
    }
  ]
}